object frDataDisplay: TfrDataDisplay
  Size.Width = 280.000000000000000000
  Size.Height = 66.000000000000000000
  Size.PlatformDefault = False
  object Rectangle1: TRectangle
    Align = Left
    Fill.Color = claWhite
    Margins.Left = 5.000000000000000000
    Margins.Top = 5.000000000000000000
    Margins.Right = 5.000000000000000000
    Margins.Bottom = 5.000000000000000000
    Position.X = 5.000000000000000000
    Position.Y = 5.000000000000000000
    Size.Width = 68.000000000000000000
    Size.Height = 56.000000000000000000
    Size.PlatformDefault = False
    XRadius = 5.000000000000000000
    YRadius = 5.000000000000000000
  end
end
